# ---- Aufgabe 1 ----
# A
pb <- 0.98*0.8*0.3 + 0.98*0.2*0.3 + 0.02*0.1*0.5 + 0.02*0.9*0.5
pa <- 0.98*0.8 + 0.02*0.1
pa
